37.54	14.37	14.92 735244
64.66	19.27	17.5 c29682
49.32	-3.82	-22.54 627a9d
43.46	-12.74	22.72 576c43
54.94	9.61	-24.79 8580b1
70.48	-32.26	-0.37 67bdaa
62.73	35.83	56.5 d67e2c 
39.43	10.75	-45.17 505ba6
50.57	48.64	16.67 c15a63
30.1	22.54	-20.87 5e3c6c
71.77	-24.13	58.19 9dbc40
71.51	18.24	67.37 e0a32e
28.37	15.42	-49.8 383d96
54.38	-39.72	32.27 469449
42.43	51.05	28.62 af363c
81.8	2.67	80.41 e7c71f
50.63	51.28	-14.12 bb5695
49.57	-29.71	-28.32 0885a1
95.19	-1.03	2.93 f3f3f2
81.29	-0.57	0.44 c8c8c8
66.89	-0.75	-0.06 a0a0a0
50.76	-0.13	0.14 7a7a7a
35.63	-0.46	-0.48 555555
20.64	0.07	-0.46 343434